Dekalb Main Study ID Numbers:
11000-12000 and 20000-21000

KEMRI Main Study ID Numbers:
30000-50000 and 80000-90000

Healthy Donor ID Numbers:
400-500

Dekalb Reproducibility Study ID Numbers:
310
308
303
302
D10
307
D10
305
313
303
300
D10
301
306
308
312
312
300
313
300
305
309
313
311
D10
313
310
D10
310
303
308
305
311
313
301
313
301
311
308
301
305
304
309
309
306
307
304
300
305
301
301
311
303
312
302
310
307
312
305
311
312
D10
310
304
308
306
309
303
309
302
303
306
307
300
302
309
300
307
304
311
308
306
302
312
304
310
306
307
302
304
